image: 20201030-1616.pgm
resolution: 0.050000
origin: [-2.042173, -2.525231, 0.000000]
negate: 0
occupied_thresh: 0.65
free_thresh: 0.196

